busho_code,ka_code,item_id,category_name
1101,11,301001126,ＩＱＦ
1101,11,301003038,ＩＱＦ
1101,11,301003039,ＩＱＦ
1101,11,301003040,ＩＱＦ
1101,11,301003041,ＩＱＦ
1101,11,301003081,ＩＱＦ
1101,11,301003082,ＩＱＦ
1101,11,301003703,ＩＱＦ
1101,11,301003704,ＩＱＦ
1101,11,301004007,ＩＱＦ
1101,11,303052111,ＩＱＦ
1101,11,701002307,ＩＱＦ
1101,11,101410800,ｱｲﾌﾞﾘ
1101,11,301477020,ｱｵｻ･ﾋﾄｴｸﾞｻ
1101,11,301477020,ｱｵｻ(総称)
1101,11,101410740,ｱｵｻﾞﾒ
1101,11,301467000,ｱｵｻﾞﾒ
1101,11,301467001,ｱｵｻﾞﾒ
1101,11,101410770,ｱｵﾊﾀ
1101,11,101438000,ｱｵﾊﾀ
1101,11,101000122,ｱｵﾒｴｿ
1101,11,101410340,ｱｵﾔｶﾞﾗ